log,111804.433269,204349.880657,129114.768317
log,148728.962838,199100.572792,246387.288335
database,48332.2774801,41151.447289,48387.8661763
documents,74951.6273774,46497.0178756,94438.8579442
call center,101451.832065,2868.98504806,136549.852918
gas terminal,12688.3819961,118265.810999,125448.442096
executive,138618.516365,19939.2312768,93491.0080155
tablet,111750.606871,54948.8106806,68789.1995242
pbx,99846.3053489,71314.0620696,95947.7938489
pos terminal,150902.035026,69530.1805798,44912.3821102
executive,163585.352615,79828.0558242,52306.7636549
peripheral,154283.67999,-33308.5732625,158367.605549
wlan,85871.5046197,81994.9904614,95786.5063404
tablet,130008.747236,30606.6562377,127394.49182
mobile phone,204232.58162,55829.1176768,58194.987148
finance,141472.326648,64914.0134478,136317.605798
ped pad,152398.806446,95064.3380487,95114.4005593
private wan,139966.28759,34388.2806185,165063.494632
mail,142602.440338,97167.7124075,109222.929738
lan,180701.581926,117906.515355,50445.8793188
mainframe,76663.8476593,126141.179948,97041.3399256
ped pad,119199.204439,117689.755043,127234.735057
private wan,90967.6702362,169765.330429,103820.626547
laptop,104703.845892,144690.745078,71811.9159732
media,115420.274698,167662.262943,71882.9664587
peripheral,179518.931624,139697.564588,25925.2775461
dhcp,81926.3838267,30712.744642,171976.701892
maintenance,195579.115117,67151.9192177,142674.818315
disk media,129679.051831,104283.512301,144670.953054
atm,123993.129602,154807.090992,144293.361281
mainframe,75775.7550396,132841.680747,129138.339058
customer,135924.144862,26492.7302104,257023.468117
firewall,131276.920195,177326.726633,54886.0063358
executive,104957.991622,122210.006991,177551.443104
payment switch,95525.524949,57164.0612295,159625.647576
human resources,167476.17477,142318.730494,147887.117474
tapes,123178.676985,127974.813755,142580.152685
backup,162321.052855,94173.2727665,69133.0671638
mail,169148.351424,173923.132322,106307.574797
helpdesk,187948.641632,98703.3167642,105427.916365
mainframe,124164.544998,178565.173458,86639.8547639
customer,122050.175688,157265.103697,207142.959886
lan,153931.181752,152507.425204,157704.151539
file,127460.728813,135462.305523,198474.690398
lan,200731.15617,145518.350273,133442.051238
backup,117068.867676,184432.577481,62806.241754
ics,135462.369687,151824.499142,201145.768383
flash drive,119590.459502,167170.546809,125569.856147
guard,102831.591647,138288.660522,130377.009552
dns,177790.606162,152638.356183,137341.735057
telephone,239769.277411,173191.49215,104455.148926
payment card,115345.023525,258038.467706,129756.083057
call center,94403.6772656,205704.180952,246514.413916
dns,192306.496303,100671.613055,199602.607736
media,162041.966993,132615.515513,216199.624358
wlan,66858.4951029,280704.412411,113162.962315
smart card,193022.728582,191940.271593,149116.990675
human resources,152810.715874,201591.644432,268107.6269
tablet,113356.282323,136390.485354,274068.768424
private wan,240104.01912,190235.804687,166271.303954
finance,134980.175801,265977.71528,233564.711245
peripheral,232930.021766,187547.349629,150872.639751
directory,168094.873975,258315.052019,51585.052232
helpdesk,176820.320847,187857.71475,208809.275004
remote access,137417.87477,181485.65097,192251.633128
disk media,189254.336105,184061.250525,314783.700887
developer,179727.107274,242695.202071,156204.062233
