log,111804.433269,204349.880657,129114.768317
log,126137.154115,193827.511995,154454.633024
log,161377.391969,80985.9775472,67666.5470074
database,48332.2774801,41151.447289,48387.8661763
lan,-11360.3950114,21574.8642306,176573.614722
maintenance,28023.0743923,71147.7397783,130287.710178
call center,101451.832065,2868.98504806,136549.852918
pbx,-18937.9447391,130757.217907,123534.067971
database,188499.504966,25410.2805607,28397.4629362
executive,138618.516365,19939.2312768,93491.0080155
ics,109463.129349,140623.467743,4992.77077145
atm,128957.569753,129123.760245,23982.6689823
pbx,99846.3053489,71314.0620696,95947.7938489
media,110367.443409,84446.8772835,67362.2252138
helpdesk,116956.064642,74779.3066627,51401.1654261
executive,163585.352615,79828.0558242,52306.7636549
system admin,110640.884133,126091.49732,65867.9914234
desktop,119790.594831,156911.154044,15218.7763981
wlan,85871.5046197,81994.9904614,95786.5063404
private wan,37647.3804053,86725.5286191,190765.046421
media,101344.774532,125922.374417,77309.6184897
mobile phone,204232.58162,55829.1176768,58194.987148
telephone,116522.072206,115046.955754,105134.797116
smart card,146447.362882,78920.6614759,94252.6676144
ped pad,152398.806446,95064.3380487,95114.4005593
manager,71339.920211,115132.93794,148753.46595
dns,63634.3762722,87308.3787656,167615.493097
mail,142602.440338,97167.7124075,109222.929738
authentication,58383.469779,148328.537341,53086.0269488
public wan,38066.3219227,154414.4699,70044.8549039
mainframe,76663.8476593,126141.179948,97041.3399256
mail,78622.5156477,141339.270071,140043.744192
documents,84003.9298449,116556.145872,163858.17016
private wan,90967.6702362,169765.330429,103820.626547
media,103959.809378,103209.999115,142930.159125
pos terminal,62371.2945496,162957.99481,127146.593328
media,115420.274698,167662.262943,71882.9664587
web application,72546.8530826,120174.358545,148231.771843
camera,141864.050596,99612.4736964,81091.8410028
dhcp,81926.3838267,30712.744642,171976.701892
access reader,165096.035791,2614.71024264,117982.145736
pos controller,224121.969476,66937.2909329,122323.267255
disk media,129679.051831,104283.512301,144670.953054
code repository,247962.222591,-16649.7371455,140750.114345
san,70031.8753603,153605.564956,132650.371066
mainframe,75775.7550396,132841.680747,129138.339058
firewall,166731.754147,59505.9433038,131944.365869
end-user,93171.7214888,207647.666187,106967.353628
firewall,131276.920195,177326.726633,54886.0063358
manager,41829.8189073,178228.387796,185226.763613
mail,176886.246489,166300.586593,70819.9491102
payment switch,95525.524949,57164.0612295,159625.647576
executive,80419.4508188,182978.819484,152532.026682
maintenance,158882.421192,231541.067171,58520.6200097
tapes,123178.676985,127974.813755,142580.152685
partner,112443.630843,174611.476179,36128.0443807
private wan,168972.10302,47149.8391025,219182.219749
mail,169148.351424,173923.132322,106307.574797
maintenance,241876.556729,164111.074373,74985.562903
guard,169425.881809,60719.4492659,111061.672936
mainframe,124164.544998,178565.173458,86639.8547639
peripheral,164355.185827,163751.19267,98046.5771971
pos controller,158116.597368,236072.895777,107470.37861
lan,153931.181752,152507.425204,157704.151539
ics,97007.2755804,89019.3792795,281019.014165
public wan,111695.5404,36524.123519,205127.888047
lan,200731.15617,145518.350273,133442.051238
flash drive,94808.9038786,195431.039596,115405.823442
remote access,169343.925173,193945.270625,1244.18441508
ics,135462.369687,151824.499142,201145.768383
human resources,217260.091469,156917.872829,163002.263295
guard,55752.2756134,150779.173339,163325.134542
guard,102831.591647,138288.660522,130377.009552
lan,254105.488133,110848.172598,133881.924721
payment switch,118760.503371,115792.452565,141849.387522
telephone,239769.277411,173191.49215,104455.148926
dhcp,84623.4216166,154709.233896,140430.282376
authentication,114934.023059,91674.1630578,176108.26372
call center,94403.6772656,205704.180952,246514.413916
pbx,42758.2378935,226912.954899,248968.754449
end-user,246940.672717,187967.622198,101509.429242
media,162041.966993,132615.515513,216199.624358
backup,79722.3295513,173570.481605,148977.222978
developer,168231.331887,169393.011431,66353.5335751
smart card,193022.728582,191940.271593,149116.990675
tapes,225465.301643,96015.0613792,201242.099178
ics,171684.97233,185738.292704,213832.888676
tablet,113356.282323,136390.485354,274068.768424
flash drive,109340.098726,159704.696473,222503.231624
disk drive,243147.207529,181764.552875,133144.992592
finance,134980.175801,265977.71528,233564.711245
ics,260948.235559,183922.004796,173894.026212
broadband,180744.774091,109180.303044,249614.715313
directory,168094.873975,258315.052019,51585.052232
access reader,184046.308541,207658.053407,96318.8582891
developer,90179.3174749,220758.905743,192512.723464
remote access,137417.87477,181485.65097,192251.633128
guard,124637.243789,201224.724777,196603.29502
developer,242847.295646,141853.054415,169339.315648
developer,179727.107274,242695.202071,156204.062233
