log,134311.928581,147211.000777,113448.151104
web application,101096.401641,-21013.8762718,88985.5350532
wlan,41904.6407582,74841.8974307,61752.7137795
documents,113123.635963,127200.259544,27985.5914017
media,43999.9218062,86487.2116058,161166.337665
database,72521.5732125,96581.402898,138058.736232
end-user,202144.970506,36814.8561984,98965.4149794
san,2806.24814656,158912.386379,152272.378668
mail,103398.0296,111869.903176,159594.890056
end-user,159218.374185,113590.828259,107225.321391
code repository,55181.7792301,186867.73775,133757.231359
tablet,157403.067392,96837.7701767,108810.768175
pbx,211144.577823,117502.223569,80541.752835
pos terminal,145660.7092,96189.3493181,154186.598676
guard,42336.6983164,188042.766097,83554.4379367
smart card,129081.134062,200890.651328,79766.4884402
peripheral,147764.37001,117917.995609,131373.563355
dhcp,129904.994746,145898.67153,54028.3454609
call center,136397.391855,174365.94929,175062.011165
authentication,171028.762269,76568.2095014,122323.82233
helpdesk,141658.093622,156754.271444,147801.378792
other,144349.291393,268488.832821,158315.445192
dhcp,188109.474472,84097.5129797,157277.018623
developer,158677.575074,192429.729585,90556.662226
payment switch,123697.091416,174228.157921,202304.818143
